1412491
1402881
1402787
1398896
1392626
1390674
1390651
1390640
1390593
1388468
1388466
1388465
1388464
1388463
1388462
1388461
1388460
1388459
1388458
1388457
1388456
1388455
1388454
1388453
1388452
1388451
1388450
1388449
1388448
1388447
1388446
1387118
1385403
1382322
1378834
1377954
1377928
1370478
1370477
1370462
1366155
1363109
1354905
1354089
1353173
1353026
1352396
1347898
1347307
1346079
1345538
1344394
1340497
1338399
1338370
1338340
1338331
1338330
1338065
1338003
1332192
1331817
1331259
1331257
1330535
1330055
1330052
1330051
1330048
1330047
1329916
1328016
1324957
1324922
1322383
1319997
1313236
1312231
1311640
1306641
1304177
1304168
1303244
1302279
1302278
1302277
1302276
1302266
1301515
1300879
1293066
1291678
1291183
1290976
1289369
1289366
1289360
1286622
1282678
1281937
1281925
1280686
1277604
1275910
1273252
1252324
1252303
1247185
1244936
1244934
1243564
1239947
1239946
1239931
1237498
1236275
1228045
1227964
1226523
1226433
1224062
1221058
1221056
1221046
1221045
1220997
1218470
1213899
1209830
1209788
1206065
1203019
1203018
1203016
1203014
1203013
1203012
1203010
1199745
1199684
1199683
1199606
1197652
1197582
1192836
1189663
1188774
1188051
1186210
1178064
1171857
1167824
1162797
1162624
1161765
1161759
1161758
1158503
1157187
1153718
1145146
1144184
1144183
1144182
1144175
1142657
1142632
1140907
1138171
1135086
1133848
1132116
1129832
1129584
1126784
1124406
1122139
1118594
1117973
1116983
1115827
1115825
1115824
1115717
1115636
1115567
1115505
1115440
1115274
1113146
1112878
1112869
1112529
1112477
1112166
1112164
1112163
1112162
1112161
1112120
1111732
1111082
1110966
1109871
1108413
1104256
1102406
1101780
1101331
1101261
1101260
1101023
1100770
1100357
1100319
1095083
1095001
1082120
1076922
1072934
1072555
1069540
1068930
1052684
1049878
1049738
1049700
1049436
1049341
1049286
1049215
1049004
1048926
1048729
1048072
1047903
1047753
1047443
1047438
1047376
1046569
1046552
1046093
1046069
1045835
1045755
1045751
1045750
1045748
1045747
1045009
1044882
1044800
1044769
1044768
1044767
1043932
1040389
1039673
1039574
1039336
1038519
1038400
1038252
1036858
1035640
1031692
1030206
1029552
1027217
1027207
1024430
1018463
1017898
1017415
1014382
1012920
1011639
1009705
1009187
1009154
1008584
1007607
1005611
1005010
1000417
999452
994147
993577
990067
988866
986428
985765
984367
973170
971689
962499
957563
957560
957550
957197
957196
957136
956958
956900
956847
956831
956823
956796
956750
956705
956691
956675
956670
956669
956665
956660
956659
956656
956653
956652
956647
956641
956568
956539
956537
956536
956520
956434
956310
956036
955932
955814
955415
955228
955199
953991
953848
953796
953782
953749
953648
953574
953522
953314
953277
953254
953160
952908
952883
952866
952717
952684
952633
952573
952570
951506
951485
951377
950956
950847
950842
950455
950454
950389
950353
950331
950171
950097
949983
949699
949558
949377
949268
949261
949143
949029
948780
948730
948621
948548
948546
948393
948387
948385
947289
946494
946426
946306
946240
946185
946125
946094
946086
946075
946050
946048
946029
945954
945915
945802
945688
945631
945623
945415
944941
944705
944651
944384
944092
944007
943938
943547
943168
943134
943119
943101
943035
942928
942912
942714
942646
942371
942261
942196
941659
941011
940976
940730
940601
939942
939389
939294
939188
938664
938563
938403
938339
938301
938248
938229
938115
937898
937484
937368
937290
937273
937267
937189
937187
937086
937009
936987
936688
936463
936371
936274
936040
935655
935554
935419
934555
934354
933792
933516
933472
933074
932870
932358
932294
932076
931965
931858
931797
931698
931471
931359
931285
931252
931200
930927
930864
929840
929461
929422
929305
929136
929132
929016
928923
928892
928834
928719
928640
928627
928323
928307
928064
927998
927993
927981
927538
927455
927263
927208
927009
926980
926930
926915
926894
926723
926673
926498
926465
926437
926364
926295
926191
926173
926142
926027
926007
925984
925712
925700
925689
925602
925527
925504
925499
925171
925112
925107
925064
925001
924814
924643
924579
924576
924287
923948
923855
923745
923653
923609
923261
923113
923109
923043
922950
922902
922862
922523
922506
921808
921323
920872
920325
920233
919402
919133
919056
917080
917079
917076
916981
916748
916531
916328
916300
915033
914919
914755
914335
914249
914224
914212
914068
913662
913379
913271
912770
912725
912608
912534
912327
912300
911993
911851
911804
911775
911647
911645
911587
911447
911366
911304
910669
910600
910432
910335
910325
910007
910006
909822
909631
909581
909432
909426
909209
909198
909063
908896
908803
908777
908714
908599
908532
908303
908290
908116
908109
908037
907814
907643
907571
907497
907079
907056
907036
906607
906527
906488
906432
906154
905823
905607
905468
904743
904725
904676
904629
904625
904535
904516
904494
904486
904430
904417
904153
904116
903825
903814
903726
903651
903636
903517
903066
903046
902948
902690
902626
902558
902456
902407
902399
902175
901968
901856
901812
901793
901716
901591
901550
901464
901435
901347
901312
901267
900989
900783
900606
900573
900515
900442
900417
900351
900248
900012
899650
899614
899502
899486
899442
899368
899362
899312
899238
899153
899125
899066
898984
898713
898691
898549
898532
898391
898357
898305
898295
898252
897935
897824
897668
897358
897288
896989
896913
896836
896735
896701
896600
896418
896331
896263
896232
896144
896047
896034
895964
895903
895901
895842
895796
895774
895755
895477
895354
895320
895239
895034
895012
894986
894884
894305
894298
893905
893759
893631
893137
892917
892709
892681
892465
892278
891432
891283
891252
891181
891142
891044
890813
890769
890732
890705
890595
890578
890574
890566
890527
890510
890482
890446
890403
890315
890309
890306
890270
890133
889928
889915
889891
889875
889773
889713
889456
889436
889419
889383
889279
889266
889139
888994
888898
888875
888828
888771
888652
888648
888376
888122
888121
888067
888034
888015
887982
887981
887980
887979
887956
887828
887806
887785
887543
887540
887438
887332
887295
887291
887281
887192
887173
887110
887073
886887
886856
886824
886760
886659
886616
886473
886442
886319
886317
886276
886249
886234
886231
886123
886118
886077
885965
885925
885873
885771
885718
885565
885463
885441
884868
884760
884717
884700
884596
884516
884254
884215
884093
884075
883914
883640
883563
883494
883340
882956
882868
882676
882499
882228
882184
881778
881633
881632
881584
881344
881128
881055
880977
880889
880782
880767
880410
880143
880131
880129
879984
879966
879958
879946
879795
879334
879157
879110
878590
878076
877969
877912
877857
877602
877289
876994
876853
876770
876429
876189
875869
875452
875401
875358
875136
874897
874872
874859
874806
874793
874756
874594
874575
874531
874490
874305
874260
874073
873950
873863
873588
873577
873550
873252
873088
873064
873049
873001
872991
872889
872880
872563
872521
872373
872131
871926
871691
871634
871115
871047
870994
870804
870557
870078
870046
869871
869801
869424
869384
869136
869091
869070
868895
868875
868429
868081
867784
867747
867727
867434
867320
867149
866789
866664
866252
865909
865809
865763
865707
865564
865300
864920
864422
864096
864047
863936
863886
863821
863747
863525
863502
863444
863225
863095
862698
862654
862564
862260
862199
861871
861709
861259
861229
860543
860523
860517
860463
860228
860122
859997
859788
858926
858720
858543
858541
858318
857662
857356
857328
857246
857173
857053
856981
856819
856504
856310
856308
856278
856163
856018
855921
855754
855443
855251
855184
855111
854637
854166
853928
853584
853554
853356
853196
853117
853099
853010
852908
852813
852185
852150
852142
851785
851532
851472
851151
850808
850769
850587
850309
850147
849926
849813
849690
849579
849445
849187
849159
849098
848954
848856
848711
848515
848412
848029
847536
847307
847102
847016
847009
846951
846923
846922
846914
846650
846286
846139
845832
845505
845466
844454
844182
843830
843797
843397
843395
842268
842189
842051
841832
841652
841276
841177
840221
839280
839279
838857
838156
837684
837185
837051
837033
836959
836913
836901
836837
836785
836651
836567
836531
836483
836425
836357
836268
836230
836130
836065
836023
836017
835998
835990
835983
835978
835854
835831
835811
835785
835775
835772
835691
835642
835627
835546
835514
835409
835368
835248
835167
835134
835129
835091
835076
835019
834991
834931
834648
834540
834388
834383
834295
834254
834249
834245
834224
834219
834213
834171
834169
834166
834154
834114
834018
833904
833851
833819
833809
833783
833772
833713
833708
833682
833651
833527
833404
833285
833250
833232
833200
833122
833071
833049
833031
832963
832946
832938
832916
832862
832847
832818
832814
832768
832670
832656
832617
832585
832582
832577
832502
832457
832449
832400
832321
832298
832260
832138
832116
832107
832000
831920
831820
831760
831756
831743
831722
831721
831621
831616
831598
831563
831511
831454
831409
831397
831316
831313
831245
831166
831055
830926
830924
830855
830809
830800
830776
830699
830583
830535
830519
830513
830501
830403
830382
830353
830340
830257
830239
830176
830152
830114
830063
829916
829901
829831
829715
829699
829609
829418
829332
829203
829037
828786
828699
828618
828577
828312
828307
828273
828174
828161
827972
827829
827696
827650
827566
827335
827308
827305
827126
827059
827038
826894
826716
826561
826396
826395
826394
826280
825820
825603
825543
825540
825529
825203
825186
825145
824679
824655
824625
824396
824063
824038
823673
823557
823496
823495
823494
823491
823489
823301
823171
823121
823100
822948
822686
822284
822275
822100
822075
821992
821664
821616
821594
821379
821354
821088
820826
820764
820678
820564
820423
820196
820050
819894
819893
819892
819891
819890
819889
819888
819887
819808
819802
819743
819677
819610
819582
819439
819362
819162
819118
818826
818096
818089
818005
817777
817672
817662
817466
817386
817360
817333
817207
817019
816990
816932
816920
816882
816868
816865
816835
816782
816758
816701
816649
816596
816581
816551
816477
816468
816433
816421
816256
816201
816189
816151
815930
815889
815864
815863
815809
815763
815647
815599
815516
815498
815492
815483
815457
815456
815337
815289
815240
815196
814910
814909
814619
814614
814540
814529
814523
814513
814489
814472
814423
814368
814324
814293
814206
814184
814171
814170
814124
813957
813926
813896
813849
813823
813753
813749
813748
813639
813633
813617
813590
813510
813499
813458
813438
813386
813376
813353
813329
813294
813266
813256
813250
813141
813004
812981
812933
812904
812874
812873
812872
812870
812848
812837
812670
812655
812536
812511
812509
812400
812392
812368
812348
812313
812301
812262
812234
811988
811955
811474
811464
811387
811368
811360
811245
811233
811222
811195
811033
810714
810689
810643
810321
810284
810267
810139
810082
810000
809978
809890
809710
809580
809533
809390
809318
809268
809246
809196
809139
809045
808938
808847
808829
808613
808578
808271
807924
807678
807600
807552
807351
807280
807273
807263
806868
806713
806651
806639
806586
806486
806383
806378
806242
806216
806128
806127
806122
806108
806024
805714
805713
805651
805545
805508
805325
805268
805257
805185
805108
805086
805065
804739
804638
804625
804445
804416
804395
804391
804370
804232
804178
804158
804010
803984
803864
803702
803687
803653
803618
803612
803591
803589
803490
803373
803326
803316
803214
803164
802956
802947
802893
802789
802776
802550
802535
802534
802458
802385
802329
802289
802282
802069
802041
801999
801922
801921
801891
801836
801795
801772
801752
801733
801671
801668
801597
801591
801590
801527
801516
801508
801496
801426
801387
801163
801126
801099
801051
801035
800985
800888
800863
800804
800802
800798
800633
800617
800616
800547
800477
800454
800415
800374
800307
800276
800104
799929
799913
799835
799749
799713
799686
799653
799537
799499
799441
799370
799313
799286
799219
799176
799130
799111
799071
799063
799054
798990
798949
798918
798839
798674
798598
798588
798560
798533
798484
798408
798385
798379
798325
798284
798272
798231
798223
798126
798073
797922
797884
797794
797756
797632
797475
797474
797447
797415
797223
797196
797133
797122
796956
796955
796953
796845
796844
796839
796726
796624
796569
796512
796453
795905
795886
795879
795820
795798
795647
795478
795470
795433
795430
795419
795333
795328
795273
795237
795162
795018
794961
794952
794853
794817
794809
794777
794747
794654
794638
794619
794594
794593
794579
794366
794028
793868
793805
793787
793741
793690
793357
793349
793231
793203
793186
793176
793069
792997
792996
792979
792961
792933
792883
792859
792787
792703
792684
792680
792674
792566
792553
792408
792306
792273
792198
792195
791961
791903
791881
791713
791666
791645
791573
791389
791309
791210
791130
791102
791034
790914
790800
790659
790637
790539
790504
790481
790450
790238
790105
790068
789951
789811
789763
789701
789600
789547
789361
789336
789316
789268
789244
789168
788996
788989
788929
788857
788845
788782
788768
788747
788678
788645
788639
788613
788554
788545
788450
788413
788309
788076
788047
787969
787954
787939
787893
787876
787731
787709
787528
787472
787366
787364
787338
787321
787181
787177
787063
787016
786925
786923
786905
786895
786775
786751
786742
786677
786647
786600
786513
786470
786430
786389
786351
786334
786299
786293
786225
786209
786198
786194
786172
786169
786082
786052
786051
786024
786003
785948
785933
785885
785821
785805
785796
785782
785754
785753
785721
785582
785485
785440
785359
785263
785259
785199
785180
785153
785149
785122
785053
785020
785016
784858
784846
784759
784747
784652
784527
784324
784322
784283
784228
784227
784201
784140
784106
784102
783964
783905
783879
783868
783783
783671
783638
783632
783549
783536
783451
783448
783410
783298
783296
783293
783274
783152
783054
783028
783027
783026
782897
782896
782894
782893
782891
782890
782888
782840
782756
782648
782513
782431
782382
782341
782333
782243
782186
782044
781987
781950
781929
781638
781622
781616
781603
781602
781578
781538
781478
781460
781258
781148
781124
781121
781074
781072
781044
781035
780837
780543
780510
780503
780423
780365
780362
780256
780214
780173
780147
780047
779996
779964
779954
779912
779908
779882
779747
779736
779722
779599
779596
779452
779305
779238
779192
779012
778978
778967
778906
778891
778864
778833
778639
778585
778521
778453
778396
778326
778298
778297
778288
778236
778197
778196
778111
778010
777914
777867
777846
777503
777378
777374
777321
777306
777259
777235
777208
777193
777176
777079
777040
776992
776920
776900
776874
776849
776839
776805
776739
776712
776650
776646
776551
776528
776503
776455
776358
776341
776308
776294
776084
776053
776029
776027
776026
775861
775852
775718
775687
775640
775253
775241
775215
775214
775127
775125
775056
775042
775036
775007
774975
774879
774818
774556
774526
774523
774522
774378
774307
774206
774204
773955
773925
773921
773918
773873
773660
773658
773550
773447
773384
773329
773092
773049
773020
773006
772910
772866
772822
772815
772790
772692
772683
772682
772680
772651
772533
772522
772510
772493
772478
772477
772472
772461
772326
772253
772200
772123
772100
772010
771886
771878
771826
771825
771799
771780
771574
771525
771505
771461
771454
771226
771139
771093
770791
770788
770787
770786
770785
770780
770561
770514
770477
770346
770302
770253
770141
770134
770062
770013
769936
769932
769886
769826
769739
769733
769732
769690
769639
769635
769624
769610
769586
769556
769499
769445
769276
769263
769241
769210
769192
769157
769137
769076
769042
769016
769011
768992
768989
768973
768941
768894
768850
768830
768818
768579
768572
768540
768534
768463
768407
768384
768239
768235
768085
767956
767923
767601
767565
767559
767548
767516
767472
767469
767389
767368
767306
767284
767240
767189
767115
767068
767042
767019
766915
766855
766848
766832
766831
766782
766719
766673
766526
766512
766405
766319
766313
766265
766168
766163
766161
766160
766113
766069
766041
765954
765876
765804
765732
765698
765635
765499
765495
765477
765337
765267
765243
765207
765201
765192
765185
765157
765054
764972
764941
764868
764862
764768
764666
764620
764580
764565
764444
764405
764323
764304
764280
764172
764163
764120
764054
764038
763886
763865
763576
763520
763426
763361
763355
763311
763065
763034
762994
762862
762808
762623
762588
762553
762461
762305
762270
762217
762093
761994
761992
761990
761918
761877
761863
761826
761795
761770
761749
761731
761712
761621
761587
761586
761541
761453
761376
761293
761055
760943
760930
760903
760798
760544
760543
760493
760459
760458
760447
760238
760230
760201
760192
760188
760144
760076
759898
759893
759868
759729
759684
759682
759681
759653
759567
759564
759357
759171
759037
758898
758800
758772
758621
758614
758606
758475
758460
758436
758435
758416
758358
758275
758154
758103
758036
758019
757834
757833
757808
757710
757672
757451
757383
757370
757331
757286
757271
757212
757164
757027
757025
756987
756906
756830
756802
756801
756715
756714
756711
756710
756708
756705
756704
756703
756697
756683
756667
756627
756577
756503
756331
756329
756273
756145
756098
756063
756040
755996
755936
755887
755886
755821
755802
755799
755782
755744
755718
755647
755409
755403
755396
755359
755335
755294
755288
755264
755238
755214
755173
755159
755103
755085
755072
755062
755004
754994
754991
754990
754963
754944
754933
754830
754751
754727
754717
754669
754535
754485
754482
754399
754263
754262
754246
754230
754222
754173
754133
754068
753973
753931
753913
753857
753852
753819
753697
753597
753525
753524
753522
753498
753472
753135
753088
753078
753076
753020
752837
752814
752727
752683
752643
752516
752467
752436
752429
752399
752323
752321
752257
752234
752211
752179
752176
752028
751933
751614
751606
751423
751395
751393
751391
751390
751321
751188
751173
751137
751113
751060
750994
750806
750805
750751
750538
750525
750471
750384
750345
750148
750145
750079
750028
750022
749982
749784
749681
749606
749413
749314
749225
749184
749179
749133
749087
749083
749073
749071
749009
748884
748845
748801
748796
748681
748680
748631
748588
748523
748444
748401
748250
748245
748196
748182
748173
748112
748022
747936
747913
747801
747702
747685
747522
747249
747206
747181
747176
747137
746912
746903
746598
746584
746583
746538
746537
746507
746455
746443
746440
746435
746349
746338
746286
746240
746219
746111
746089
746057
746055
746033
746023
745998
745987
745933
745870
745855
745680
745404
745287
745283
745227
745061
744961
744862
744444
744409
744134
744116
744029
743982
743963
743962
743824
743720
743524
743517
743492
743421
743418
743373
743346
743342
743326
743325
743320
743318
743194
743163
743144
743135
743087
743019
742991
742979
742965
742925
742920
742910
742766
742740
742739
742738
742737
742736
742587
742539
742534
742472
742443
742442
742436
742423
742415
742365
742340
742325
742323
742322
742319
742318
742218
742161
742085
742084
742081
742080
741947
741916
741811
741784
741716
741625
741608
741570
741470
741464
741380
741352
741319
741290
741254
741222
741201
741190
741182
741144
741004
741003
741001
740975
740949
740884
740845
740825
740779
740670
740624
740533
740531
740513
740424
740393
740385
740384
740352
740211
740202
740179
740156
740155
739948
739715
739557
739534
739527
739497
739434
739288
739200
739087
739080
739075
739061
738997
738930
738802
738697
738691
738536
738486
738416
738328
738196
738085
737918
737914
737849
737703
737690
737622
737428
737385
737383
737317
737316
737242
737041
737013
737011
736993
736985
736951
736930
736902
736822
736797
736684
736674
736611
736610
736575
736557
736513
736511
736466
736458
736399
736193
736148
736060
735998
735833
735782
735775
735696
735676
735653
735650
735649
735623
735619
735613
735531
735496
735463
735462
735459
735436
735425
735414
735407
735396
735318
735286
735117
735066
734949
734847
734766
734745
734661
734639
734583
734556
734496
734449
734294
734144
734090
734086
734084
733927
733872
733867
733815
733799
733780
733775
733761
733675
733641
733621
733497
733495
733376
733329
733273
733266
733192
733163
733139
733137
732863
732808
732414
732388
732324
732268
732192
732170
732154
732028
731912
731887
731799
731663
731653
731466
731464
731398
731377
731351
731349
731348
731335
731278
731206
731180
730778
730721
730718
730670
730489
730488
730487
730486
730485
730484
730315
730236
730193
730161
730149
730131
730078
730067
729959
729880
729875
729869
729865
729792
729750
729722
729718
729651
729583
729554
729546
729471
729444
729430
729353
729308
729304
729145
729083
729081
729075
729066
729017
728988
728878
728834
728833
728831
728722
728704
728661
728634
728617
728456
728409
728408
728378
728344
728304
728300
728208
728045
728030
727999
727980
727978
727936
727904
727902
727843
727831
727792
727790
727742
727735
727650
727641
727444
727411
727365
727356
727355
727350
727346
727265
727263
727253
727234
727229
727206
727137
727043
727034
727017
727012
726978
726949
726910
726878
726826
726817
726740
726737
726712
726709
726707
726659
726646
726606
726587
726541
726507
726506
726458
726432
726429
726428
726333
726327
726271
726255
726245
725991
725769
725694
725671
725563
725544
725528
725502
725396
725307
725269
725254
725170
725038
724900
724868
724858
724852
724834
724674
724669
724624
724609
724576
724565
724449
724417
724370
724320
724299
724282
724264
724206
724195
724112
724094
724080
723967
723950
723894
723767
723745
723630
723401
723399
723350
723281
723158
723090
723061
723026
722792
722780
722745
722597
722562
722443
722361
722339
722292
722286
722281
722223
722194
722184
722165
722068
722047
722038
722024
722023
721950
721859
721856
721822
721821
721793
721705
721679
721604
721539
721483
721461
721334
721326
721325
721320
721279
721198
721197
721175
721104
721083
721042
721009
720990
720976
720923
720855
720836
720699
720582
720434
720409
720324
720307
720167
720161
720156
720125
720108
720082
720051
720039
719971
719922
719921
719877
719611
719566
719558
719384
719381
719380
719372
719272
719236
719141
719130
718901
718874
718873
718824
718819
718799
718768
718714
718709
718697
718685
718671
718655
718605
718572
718418
718416
718268
717879
717865
717834
717792
717787
717785
717703
717639
717520
717426
717356
717312
717242
717130
717088
716975
716902
716897
716710
716565
716528
716452
716367
716344
716284
716278
716272
716264
716235
716193
716180
716146
716133
716097
716088
716066
716032
716023
716022
715990
715946
715902
715894
715890
715888
715886
715811
715809
715794
715777
715534
715458
715457
715376
715352
715351
715228
715209
715153
715152
715096
715020
715000
714958
714819
714812
714799
714776
714749
714733
714708
714688
714679
714657
714498
714361
714275
714256
714150
714006
713986
713949
713931
713921
713912
713803
713674
713661
713636
713622
713569
713556
713434
713367
713296
713232
713106
712848
712795
712732
712725
712653
712609
712593
712542
712517
712436
712430
712419
712355
712351
712316
712315
712111
712098
712051
712029
711951
711902
711857
711849
711838
711818
711808
711756
711683
711672
711670
711561
711560
711540
711538
711526
711417
711042
711040
710989
710939
710889
710797
710779
710769
710765
710739
710724
710608
710587
710585
710575
710573
710554
710543
710532
710510
710481
710399
710382
710296
710203
710201
710138
710134
710095
710056
710018
710015
710011
710001
709889
709876
709843
709791
709777
709771
709766
709761
709729
709722
709679
709678
709648
709577
709551
709547
709464
709444
709416
709410
709402
709362
709360
709352
709337
709213
709210
709084
709059
709047
709046
709027
709026
709015
709001
708999
708977
708975
708969
708965
708922
708802
708767
708754
708605
708537
708439
708319
708235
708164
708044
708043
708036
708033
707995
707938
707923
707865
707837
707752
707623
707604
707555
707329
707303
707278
707274
707140
707127
707062
706983
706876
706846
706840
706806
706758
706633
706626
706589
706566
706442
706407
706314
706278
706267
706232
706136
706075
706034
705968
705962
705912
705882
705845
705840
705811
705803
705793
705778
705759
705723
705682
705600
705532
705432
705397
705381
705354
705351
705297
705204
705125
705124
705113
705098
705058
705011
704905
704891
704859
704750
704709
704673
704647
704629
704565
704527
704408
704379
704344
704343
704333
704295
704290
704289
704266
704262
704253
704200
704191
704181
704058
704013
704011
703854
703838
703835
703810
703781
703751
703727
703658
703652
703594
703508
703499
703366
703247
703162
703151
703141
703106
703066
703058
703035
702974
702952
702787
702778
702688
702447
702267
702256
702255
702188
702117
702106
702095
702001
701955
701927
701830
701710
701597
701588
701577
701536
701471
701443
701236
701233
701212
701024
701002
700975
700973
700967
700908
700906
700899
700807
700796
700780
700709
700688
700687
700494
700419
700357
700221
700213
700098
699848
699795
699775
699733
699731
699619
699590
699566
699527
699523
699513
699490
699437
699266
699237
699081
699060
699058
698944
698943
698928
698907
698857
698816
698707
698671
698585
698582
698554
698465
698388
698345
698339
698335
698272
698262
698242
698217
698170
698168
698161
698147
698139
698111
698071
698052
697943
697835
697785
697715
697635
697607
697604
697582
697567
697557
697527
697480
697419
697259
697250
697226
697211
697210
697198
697179
697176
697125
696955
696849
696768
696719
696699
696600
696586
696582
696482
696462
696397
696396
696383
696284
696196
696126
696102
696083
695986
695960
695940
695866
695853
695836
695832
695831
695823
695821
695819
695652
695643
695559
695498
695288
695256
695251
695246
695215
695209
695191
695175
695122
695118
695087
695082
695031
695025
694897
694805
694804
694759
694755
694741
694665
694566
694485
694449
694371
694355
694260
694209
694190
694139
694083
694067
694066
694063
693984
693894
693850
693771
693728
693727
693616
693569
693428
693333
693321
693315
693309
693301
693297
693283
693277
693259
693103
693046
692936
692924
692806
692774
692771
692764
692704
692481
692381
692246
692231
692197
692196
692193
692191
692190
692188
692095
692044
692016
691941
691906
691824
691767
691764
691738
691732
691666
691665
691637
691545
691541
691479
691448
691421
691420
691419
691373
691372
691321
691237
691235
691181
691168
691085
691077
691072
691063
690987
690947
690925
690756
690598
690561
690461
690430
690379
690372
690364
690344
690332
690322
690312
690171
690151
690104
690080
690079
690007
689954
689941
689934
689917
689894
689857
689835
689775
689749
689678
689675
689615
689474
689470
689463
689451
689449
689413
689399
689245
689192
689142
689042
689041
689009
688970
688901
688813
688712
688675
688663
688659
688603
688597
688594
688488
688434
688427
688370
688247
688183
688181
688169
688065
688018
687993
687956
687889
687874
687839
687832
687807
687781
687765
687669
687654
687637
687629
687532
687507
687497
687382
687353
687323
687122
687112
686912
686909
686905
686895
686832
686808
686807
686804
686656
686526
686428
686408
686405
686371
686203
686182
686179
686155
686152
686151
686043
685966
685902
685823
685711
685686
685685
685651
685586
685547
685383
685376
685337
685316
685308
685286
685152
685120
685100
685088
685072
685022
685009
684997
684981
684931
684879
684856
684814
684751
684715
684712
684685
684665
684642
684635
684632
684576
684519
684446
684426
684384
684314
684311
684308
684180
684154
684149
684094
684019
683987
683981
683974
683959
683958
683909
683817
683740
683705
683665
683663
683611
683475
683434
683385
683382
683267
683237
683182
683149
683122
682894
682856
682756
682698
682682
682638
682550
682472
682425
682410
682408
682407
682249
682184
682164
682135
682131
682045
681993
681929
681789
681759
681752
681584
681580
681505
681391
681388
681349
681268
681264
681166
681130
681082
681007
680973
680929
680917
680906
680905
680852
680707
680692
680690
680687
680673
680543
680539
680531
680508
680462
680457
680450
680347
680299
680293
680287
680240
680130
680016
679972
679950
679876
679644
679416
679334
679283
679270
679269
679101
679073
679045
679024
678990
678978
678973
678950
678872
678778
678744
678505
678490
678430
678418
678271
678234
678182
678152
678144
678123
678122
678121
678105
678021
678001
677898
677872
677790
677690
677581
677434
677336
677334
677299
677270
677237
677236
677166
677157
677128
677127
677126
677120
677074
677027
677020
677005
676979
676932
676913
676807
676733
676706
676693
676692
676680
676673
676649
676566
676556
676400
676399
676389
676355
676146
676142
676129
676086
676078
676039
676035
675950
675918
675896
675820
675779
675776
675752
675638
675541
675484
675430
675228
675187
675090
675031
674967
674948
674890
674867
674844
674758
674741
674739
674736
674730
674684
674676
674674
674600
674556
674509
674507
674501
674239
674187
674177
674170
673944
673943
673934
673932
673894
673889
673746
673745
673651
673638
673588
673489
673404
673366
673326
673293
673248
673138
672817
672778
672759
672749
672731
672635
672540
672475
672419
672249
672244
672212
672154
671987
671984
671871
671834
671792
671682
671680
671580
671556
671529
671522
671449
671436
671413
671341
671245
671111
671043
671035
671026
670975
670936
670870
670776
670707
670680
670589
670281
670278
670275
670221
670201
670200
670179
670123
670006
670000
669918
669825
669730
669720
669715
669695
669672
669667
669632
669605
669533
669526
669420
669412
669296
669189
668973
668960
668957
668941
668921
668857
668853
668848
668830
668777
668755
668681
668666
668601
668546
668508
668399
668397
668359
668284
668222
668145
668080
668038
667936
667910
667806
667762
667746
667735
667734
667694
667672
667637
667548
667541
667508
667442
667377
667317
667218
666924
666622
666615
666610
665846
665796
665709
665692
665523
665468
665435
665355
664897
664792
664764
664720
664713
664704
664598
664578
664570
664548
664534
664499
664438
664431
664384
664379
664308
664106
664044
663926
663765
663647
663612
663487
663414
663333
663187
663119
663095
663021
662917
662883
662843
662829
662699
662694
662667
662588
662447
662409
662352
662326
662303
662298
662143
662078
661966
661860
661850
661635
661608
661591
661574
661561
661509
660788
660780
660743
660704
660599
660597
660587
660557
660280
660148
659957
659862
659751
659733
659714
659707
659658
659475
659472
659471
659463
659449
659273
659268
659258
659257
659237
659205
659196
659187
659172
659170
659161
659084
659029
658829
658729
658649
658645
658626
658590
658556
658543
658523
658520
658377
658355
658219
658183
658158
658129
658092
658065
658057
658037
658034
657990
657915
657898
657845
657831
657830
657789
657787
657760
657758
657717
657712
657704
657692
657690
657653
657642
657592
657576
657548
657479
657462
657422
657417
657398
657229
657182
657177
657174
657150
657145
657098
657070
657060
657054
656921
656900
656890
656873
656869
656865
656781
656778
656738
656639
656638
656588
656493
656471
656419
656408
656380
656378
656376
656354
656275
656250
656246
656244
656191
656106
656103
656074
656014
655979
655898
655853
655766
655760
655700
655571
655517
655431
655429
655427
655413
655369
655365
655330
655287
655285
655262
655150
655146
655145
654928
654915
654745
654650
654637
654634
654629
654564
654555
654545
654537
654530
654465
654464
654463
654454
654448
654387
654335
654213
654208
654205
654183
654182
654157
654144
654134
654108
654096
654050
654045
654036
654005
653976
653971
653969
653951
653863
653850
653847
653826
653818
653760
653757
653719
653662
653620
653613
653593
653563
653495
653460
653455
653358
653331
653320
653318
653057
653020
652991
652932
652927
652920
652899
652894
652890
652889
652888
652872
652866
652856
652802
652797
652777
652768
652762
652710
652707
652646
652438
652298
652280
652260
652254
652248
652245
652232
652221
652215
652182
652169
652159
652158
652143
652130
652085
652062
652051
652047
652032
652007
652005
651945
651851
651767
651752
651735
651721
651705
651485
651403
651351
651307
651306
651275
651273
651221
651154
651095
651031
651027
650951
650945
650862
650843
650838
650724
650667
650629
650564
650486
650485
650339
650074
650063
650062
650006
650003
649915
649485
649481
649470
649277
649192
649188
649034
649016
648994
648976
648837
648801
648721
648704
648674
648642
648640
648637
648626
648609
648395
648388
648278
648276
648244
648243
648242
648241
648217
648133
648105
647985
647969
647846
647750
647659
647616
647607
647544
647527
647512
647411
647388
647387
647381
647372
647368
647365
647359
647303
647254
647175
647149
647071
647061
647054
647037
646991
646893
646857
646769
646730
646696
646636
646599
646550
646341
646297
646262
646254
646243
646231
646188
646131
646047
646029
646012
645843
645833
645822
645799
645568
645513
645496
645494
645463
645406
645405
645402
645354
645309
645246
645211
645143
645032
645030
644856
644848
644635
644603
644533
644519
644515
644479
644437
644390
644370
644361
644320
644314
644300
644275
644230
644226
644217
644186
644183
644132
644124
644116
643995
643993
643962
643953
643930
643914
643853
643823
643779
643778
643755
643732
643710
643701
643667
643617
643589
643556
643548
643547
643497
643470
643325
643315
643268
643262
643253
643197
643145
643056
643050
643028
643025
643018
643012
642986
642907
642890
642876
642866
642840
642832
642791
642652
642624
642572
642570
642543
642542
642536
642517
642405
642392
642372
642309
642304
642262
642243
642228
642227
642116
642099
642072
641873
641870
641810
641774
641760
641754
641752
641711
641608
641594
641587
641498
641094
641057
641056
641044
641016
640994
640976
640975
640966
640948
640935
640925
640125
640004
639975
639954
639952
639951
639895
639803
639794
639715
639638
639541
639429
639360
639285
639261
639259
639195
639185
639153
639148
639118
639045
639018
638888
638867
638738
638631
638477
638444
638406
638397
638366
638306
638298
638256
638244
638222
638213
638196
638185
638183
638102
638099
638096
638059
637917
637550
637527
637501
637500
637498
637497
637405
637331
637312
637311
637310
637309
637292
637202
637193
637161
637131
637037
637025
636927
636714
636673
636615
636605
636524
636450
636421
636307
636306
636259
636248
636212
636143
636039
636011
635951
635864
635822
635808
635721
635673
635647
635608
635554
635514
635494
635467
635444
635438
635395
635385
635213
635171
635138
635135
635134
635016
635015
635006
634823
634760
634623
634617
634335
634333
634235
634075
633936
633933
633923
633914
633886
633858
633849
633820
633793
633784
633690
633567
633533
633449
633429
633398
633392
633357
633266
633200
633156
633090
633083
633051
633008
632996
632925
632867
632839
632821
632820
632783
632733
632726
632713
632710
632673
632582
632498
632452
632409
632402
632399
632353
632325
632315
632276
632256
632198
632178
632136
632053
632048
631995
631951
631922
631918
631874
631871
631806
631773
631769
631766
631751
631747
631712
631662
631575
631468
631418
631328
631318
631283
631281
631236
631199
631197
631147
631119
631068
630979
630971
630965
630951
630928
630920
630912
630909
630886
630832
630831
630818
630810
630806
630709
630652
630651
630646
630629
630565
630543
630503
630413
630297
630292
630263
630235
630124
630084
630051
630020
629984
629944
629934
629635
629517
629475
629399
629398
629396
629383
629344
629317
629284
629267
629251
629205
629088
629037
629035
628999
628972
628971
628950
628888
628863
628848
628799
628759
628750
628713
628696
628641
628628
628623
628598
628593
628592
628578
628562
628559
628556
628553
628535
628511
628464
628440
628410
628206
628205
628200
628182
628176
628133
628042
627925
627868
627646
627616
627603
627600
627579
627573
627550
627512
627452
627443
627375
627370
627342
627331
627329
627326
627194
627192
627182
627131
627105
627101
627051
626983
626938
626891
626890
626814
626813
626703
626690
626677
626675
626648
626604
626601
626572
626565
626562
626530
626523
626507
626489
626445
626409
626393
626386
626340
626313
626307
626291
626226
626203
626186
626148
626123
626122
626115
626097
626084
626081
626012
626000
625960
625917
625911
625902
625887
625861
625853
625833
625826
625807
625770
625769
625699
625648
625561
625497
625368
625366
625312
625311
625309
625305
625300
625238
625236
624901
624878
624873
624867
624743
624704
624697
624682
624592
624557
624514
624480
624461
624406
624356
624318
624143
624140
624122
624091
624029
624014
623994
623990
623975
623973
623827
623812
623743
623734
623669
623651
623622
623604
623603
623574
623573
623498
623492
623443
623434
623322
623317
623300
623291
623279
623246
623245
623244
623135
623127
623082
623080
623003
622985
622984
622969
622862
622600
622567
622507
622476
622433
622432
622430
622428
622427
622359
622355
622335
622328
622299
622295
622284
622262
622250
622233
622172
622166
622165
622076
622049
622036
622005
621945
621938
621890
621881
621867
621860
621791
621782
621781
621691
621663
621660
621644
621637
621630
621616
621583
621577
621523
621517
621515
621469
621394
621376
621325
621312
621287
621281
621257
621249
621204
621194
621118
621097
621077
621070
621055
621046
620947
620925
620858
620840
620833
620832
620790
620768
620755
620738
620735
620728
620727
620722
620720
620718
620684
620680
620666
620663
620657
620606
620603
620585
620581
620579
620544
620541
620536
620484
620483
620456
620379
620364
620358
620340
620332
620297
620239
620179
620175
620174
620126
620053
620001
619968
619877
619870
619853
619768
619750
619735
619728
619726
619708
619699
619693
619686
619607
619477
619475
619451
619403
619352
619342
619330
619286
619228
619193
619174
619147
619120
619113
619050
618997
618951
618939
618822
618788
618749
618737
618734
618733
618667
618623
618616
618577
618560
618527
618525
618512
618485
618455
618444
618431
618427
618397
618387
618368
618263
618249
618240
618239
618233
618232
618229
618185
618149
618137
618135
618123
618097
618085
618078
618068
618008
617906
617857
617853
617850
617815
617810
617793
617780
617779
617768
617767
617747
617738
617711
617705
617673
617560
617548
617534
617465
617361
617346
617304
617287
617267
617250
617223
616942
616657
616634
616384
616333
616276
616273
616245
616210
616207
616147
616096
616046
616044
615998
615990
615985
615964
615957
615917
615800
615795
615743
615704
615703
615669
615668
615568
615560
615537
615516
615506
615474
615452
615435
615189
615093
615038
615033
614670
614631
614630
614555
614488
614473
614471
614468
614465
614309
614236
614233
614232
614203
614190
614099
614008
613972
613958
613914
613913
613885
613855
613802
613798
613782
613775
613771
613764
613761
613717
613690
613672
613655
613589
613583
613560
613547
613542
613410
613373
613371
613361
613354
613346
613345
613343
613309
613217
613204
613183
613156
613153
613113
613099
613072
613014
612999
612917
612854
612815
612802
612775
612755
612694
612682
612636
612615
612597
612587
612561
612559
612521
612433
612417
612416
612381
612379
612375
612355
612354
612311
612277
612274
612239
612075
612063
611986
611973
611847
611809
611797
611782
611732
611731
611694
611680
611630
611618
611609
611563
611436
611419
611415
611336
611292
611284
611251
611249
611219
611215
611203
611199
611196
611186
611180
611170
611140
611132
611126
611124
611121
611114
611094
611077
611036
610968
610909
610904
610902
610895
610868
610803
610798
610777
610773
610766
610674
610647
610578
610553
610497
610487
610474
610472
610465
610460
610426
610405
610397
610294
610264
610236
610226
610225
610215
610198
610195
610194
610192
610187
610171
610109
610027
610021
609915
609909
609903
609862
609832
609828
609814
609774
609767
609764
609758
609756
609628
609567
609565
609537
609494
609435
609434
609418
609400
609299
609286
609172
609166
609164
609162
609140
609139
609101
609092
609083
609082
609053
609025
609015
608956
608955
608912
608849
608793
608773
608748
608727
608691
608681
608680
608678
608648
608635
608631
608464
608458
608451
608447
608393
608389
608283
608255
608250
608243
608217
608212
608193
608187
608181
608167
608165
608102
608098
608097
608071
608067
608061
608056
608054
608038
607991
607968
607958
607906
607904
607903
607892
607891
607868
607865
607833
607832
607829
607821
607795
607793
607745
607707
607659
607626
607609
607607
607598
607592
607549
607541
607520
607517
607516
607511
607449
607434
607432
607421
607349
607316
607292
607258
607240
607224
607221
607214
607147
607137
607099
607066
607064
607047
607041
607019
607009
607003
606994
606976
606972
606865
606862
606830
606829
606828
606790
606785
606768
606637
606570
606481
606416
606400
606399
606183
606176
606175
606173
606171
606088
606004
605885
605789
605494
605483
605362
605317
605289
605164
605114
605099
604952
604949
604946
604939
604938
604937
604931
604817
604811
604589
604543
604469
604464
604436
604432
604431
604418
604415
604390
604360
604350
604344
604304
604286
604239
604210
604209
604169
604116
604108
604101
604093
604020
604016
603988
603973
603961
603864
603838
603821
603645
603598
603470
603461
603448
603447
603374
603364
603363
603336
603282
603232
603102
603014
603010
602959
602920
602915
602894
602868
602620
602547
602508
602493
602492
602487
602484
602483
602335
602319
602254
602251
602228
602210
602209
602189
602081
602053
601994
601963
601915
601909
601907
601876
601873
601850
601795
601767
601764
601755
601688
601673
601663
601657
601648
601566
601554
601470
601468
601466
601444
601438
601421
601401
601387
601361
601348
601344
601215
601180
601178
601176
601067
600810
600791
600754
600714
600690
600635
600572
600517
600515
600478
600476
600438
600421
600420
600375
600372
600358
600303
599976
599974
599968
599829
599819
599808
599749
599717
599716
599705
599692
599684
599647
599643
599638
599621
599533
599526
599350
599278
599265
599210
599205
599068
599018
599016
598994
598801
598796
598733
598717
598697
598665
598648
598621
598595
598525
598492
598484
598374
598363
598357
598355
598290
598204
597959
597909
597905
597847
597740
597737
597660
597566
597560
597541
597522
597509
597428
597415
597411
597399
597389
597320
597315
597308
597262
597223
597208
597202
597198
597179
597141
597112
597089
597048
597031
597013
597001
596770
596744
596722
596717
596713
596693
596641
596585
596583
596571
596569
596552
596551
596499
596417
596295
596091
595881
595872
595869
595798
595780
595725
595679
595665
595656
595650
595616
595615
595592
595582
595569
595559
595552
595551
595536
595529
595525
595508
595506
595490
595406
595382
595375
595326
595323
595287
595285
595271
595247
595236
595150
595143
595135
595116
595115
594983
594954
594941
594928
594910
594769
594667
594639
594612
594601
594559
594501
594483
594474
594472
594420
594417
594408
594402
594380
594374
594365
594359
594348
594317
594312
594305
594208
593916
593886
593603
593590
593482
593480
593377
593219
593210
593145
593123
593066
592925
592889
592885
592812
592723
592714
592688
592666
592575
592222
592138
591658
591655
591651
591643
591554
591541
591477
591400
591336
591285
591282
591280
591254
591247
591223
591209
591199
591198
591072
591069
591044
591029
590992
590943
590903
590871
590854
590803
590734
590676
590639
590630
590549
590427
590406
590367
590314
590299
590273
590085
590019
590015
589973
589937
589929
589885
589840
589829
589762
589644
589561
589494
589463
589375
589306
589297
589286
589273
589257
589217
589200
589171
589151
589111
589096
589005
588999
588953
588948
588899
588767
588765
588749
588684
588642
588603
588514
588444
588382
588380
588343
588316
588287
588251
588230
588225
588222
588216
588215
588207
588189
588035
587993
587971
587879
587751
587737
587733
587712
587707
587674
587650
587646
587632
587572
587548
587484
587463
587427
587423
587422
587405
587373
587341
587326
587298
587187
587173
587170
587133
587116
587097
587089
587042
586969
586964
586939
586909
586881
586852
586816
586741
586713
586558
586214
586172
586129
586095
586088
586083
586007
585973
585927
585851
585813
585759
585754
585699
585693
585690
585634
585630
585543
585528
585497
585447
585368
585037
584820
584751
584731
584651
584597
584587
584493
584467
584354
584286
584264
584244
584114
584089
584088
584009
583757
583492
583437
583427
583394
583365
583354
583322
583239
583238
583203
583182
583175
583151
583119
583102
583089
583007
582993
582986
582950
582874
582870
582851
582839
582831
582830
582829
582689
582651
582529
582513
582419
582334
582323
582143
582142
582127
582066
582037
582033
582026
582020
582015
582010
581982
581734
581675
581326
581182
581170
580980
580956
580880
580842
580806
580772
580735
580357
580346
580308
580287
580253
580246
580230
580229
580162
580102
580033
580029
579954
579950
579937
579884
579783
579441
579440
579318
579269
579249
579240
579233
579229
579212
579202
579194
579179
579176
579146
579138
579118
579094
579018
579017
579016
578998
578958
578837
578835
578790
578766
578699
578612
578606
578515
578443
578440
578439
578437
578383
578306
578297
578270
578260
578259
578257
578234
578194
578188
578179
578172
578171
578135
578117
578110
578091
578048
578006
578000
577987
577963
577702
577610
577606
577507
577375
577373
577302
577301
577241
577122
577006
576983
576942
576933
576910
576888
576873
576863
576857
576834
576808
576804
576787
576768
576739
576732
576729
576724
576701
576684
576677
576662
576656
576645
576636
576601
576595
576581
576578
576569
576489
576478
576332
576220
576193
576188
576182
576177
575995
575871
575787
575766
575752
575737
575725
575706
575638
575615
575557
575511
575506
575373
575283
575260
575248
575110
575065
575034
575029
575025
575008
574981
574903
574902
574062
573939
573825
573452
573448
573430
573427
573408
573343
573163
573142
573103
573102
573101
573042
573026
573018
573004
572976
572961
572947
572944
572893
572852
572828
572822
572787
572776
572761
572720
572683
572680
572587
572561
572489
572480
572302
572241
572189
572149
572121
572112
572054
572026
571340
571138
571125
571124
571113
571106
571100
571048
571027
571023
571005
570987
570981
570973
570745
570676
570671
570662
570649
570644
570641
570626
570562
570546
570545
570518
570461
570455
570440
570439
570424
570384
570351
570334
570308
570228
570182
570169
570108
570093
569915
569906
569806
569788
569763
569733
569720
569717
569618
569549
569543
569517
569488
569462
569450
569448
569446
569439
569425
569410
569399
569355
569352
569339
569311
569310
569297
569270
569261
569258
569224
569219
569190
569188
569145
569134
569061
569053
568993
568969
568939
568929
568851
568814
568810
568801
568626
568585
568544
568527
568508
568400
568361
568310
568232
568226
568017
567996
567948
567934
567912
567911
567895
567890
567873
567854
567849
567840
567835
567752
567696
567659
567609
567579
567507
567474
567429
567391
567385
567320
567262
567235
567012
567007
566971
566779
566694
566673
566451
566425
566379
566373
566324
566291
566218
566165
566154
566084
566068
565644
565632
565571
565561
565519
565511
565476
565464
565374
565367
565359
565356
565319
565303
565021
564970
564906
564890
564862
564854
564834
564822
564811
564787
564781
564721
564694
564670
564664
564663
564637
564543
564476
564392
564389
564371
564349
564346
564332
564240
564233
564125
564117
564105
564065
564064
564061
564059
563977
563911
563855
563704
563700
563579
563573
563560
563516
563497
563493
563419
563407
563405
563394
563389
563383
563362
563291
563280
563268
563088
563062
563002
562970
562946
562898
562874
562850
562790
562698
562678
562673
562627
562607
562581
562569
562498
562468
562457
562411
562404
562391
562336
562335
562248
562187
562082
562056
562055
562050
562023
562020
561912
561853
561848
561727
561690
561677
561676
561652
561641
561558
561547
561542
561492
561489
561475
561072
560936
560568
560118
560100
560024
559937
559535
559452
559324
559218
559205
559189
559156
559152
559149
559133
559129
559123
559120
559102
559095
559081
559054
559052
559040
559030
558987
558986
558893
558851
558831
558778
558705
558703
558650
558621
558597
558555
558552
558550
558542
558538
558491
558468
558467
558450
558427
558361
558348
558314
558268
558266
558265
558258
558231
558208
558144
558098
558018
558010
557968
557959
557673
557593
557568
557260
557122
557018
556900
556875
556829
556764
556694
556686
556559
556530
556513
556333
556272
556247
556104
556101
555969
555874
555873
555690
555614
555537
555535
555500
555401
555376
555370
555005
554998
554626
554229
554173
554096
554095
554091
554024
553781
553676
553516
553368
553264
553136
553069
553023
553014
552765
552764
552621
552418
552155
552144
552110
552109
552036
551921
551846
551469
551439
551428
550859
550730
550421
549880
549784
549577
549149
549139
549048
549034
548979
548933
548884
548811
548755
548734
548670
548635
548451
547655
547225
547216
547127
547121
547067
546662
546661
546414
546410
546259
546247
545959
545933
545881
545791
545756
545706
545497
545439
545300
545255
545062
544853
544745
544593
544378
544283
544209
544115
543748
543713
543595
543557
543542
543480
543435
543430
543262
543094
543026
542966
542949
542714
542683
542630
542534
542512
542315
542210
542194
540549
540545
540355
540353
540233
540209
539981
539904
539871
539551
539413
539372
539335
539329
538959
538928
538927
538926
538899
538892
538672
538215
538090
538056
537408
537280
537272
537260
537197
537181
537101
536763
536541
536533
536509
536355
536085
536075
536050
536040
535933
535746
535435
534972
534941
534926
534740
534496
533784
533712
533126
532926
532648
532646
532639
532637
532544
532240
532086
532001
531872
531866
531809
531760
531759
531634
531572
531353
531084
531067
530937
530928
530907
530231
530130
530083
530062
529900
529892
529871
529732
529599
529392
529357
528301
528057
527554
527315
526960
526876
526864
526794
526558
526441
526339
526240
526080
525212
525132
524955
524938
524683
524677
524635
524442
523503
523472
523469
523313
523095
523076
523023
523014
522987
522879
522804
522789
522779
522590
522516
522428
522254
522231
522218
522217
522197
522196
521808
521759
521560
521252
521251
521134
521040
520910
520609
520511
520486
520426
520279
520169
520143
520110
520058
519984
519971
519891
519823
519818
519800
519759
519737
519728
519712
519626
519607
519589
519566
519564
519537
519501
519456
519396
519390
519275
519154
519111
519069
519068
518919
518776
518653
518557
518462
518454
518423
518376
518026
517966
517914
517841
517840
517839
517678
517677
517672
517645
517639
517638
517583
517510
517473
517454
517413
517409
517397
517343
517326
517296
517141
517122
517071
517050
517027
516889
516846
516795
516710
516673
516329
516324
516269
516249
516247
516224
516218
516117
515883
515850
515797
515690
515672
515668
515667
515606
515605
515595
515552
515550
515540
515502
515474
515364
515323
515267
515238
515193
515179
515093
515088
515049
514969
514965
514964
514963
514857
514798
514759
514753
514728
514679
514649
514618
514614
514560
514543
514517
514462
514458
514428
514307
514229
514218
514215
514193
514169
514092
514047
514038
513986
513920
513917
513913
513862
513804
513787
513765
513753
513727
513700
513630
513580
513504
513418
513364
513289
513154
513150
513144
513046
513042
512994
512993
512905
512780
512753
512721
512687
512603
512587
512380
512319
512312
512295
512194
512065
511984
511953
511930
511897
511851
511795
511643
511582
511553
511548
511543
511343
511339
511322
511289
511208
511118
511107
511101
511056
510807
510806
510737
510712
510688
510613
510598
510590
510396
510387
510337
510267
510206
510145
510135
510124
510093
509772
509763
509575
509530
509519
509504
509496
509489
509465
509464
509463
509412
509326
509322
509308
509289
509277
509205
509148
509147
509146
509035
509032
508957
508825
508816
508785
508783
508765
508764
508696
508376
508374
508322
508290
508199
508098
508077
508067
508057
508035
508024
508016
508002
507955
507744
507706
507693
507634
507623
507594
507489
507442
507261
507260
507241
507237
507128
507092
506956
506659
506653
506614
506613
506612
506594
506588
506571
506536
506477
506459
506436
506412
506375
506325
506261
506258
506179
506104
506034
506015
505891
505875
505725
505667
505609
505512
505472
505449
505432
505424
505375
505341
505336
505224
505178
505138
505111
505036
505030
505024
505015
504985
504976
504958
504957
504932
504900
504866
504860
504848
504833
504735
504698
504649
504644
504638
504619
504614
504577
504575
504559
504532
504530
504438
504425
504424
504408
503899
503789
503623
503598
503492
503443
503402
503397
503375
503274
503197
503130
503064
502950
502925
502919
502850
502779
502698
502685
502637
502633
502632
502612
502610
502593
502549
502320
502261
502180
502170
502149
502121
502120
502078
501935
501883
501685
501671
501667
501642
501641
501620
501601
501481
501456
501454
501451
501436
501425
501401
501391
501381
501371
501315
501242
501225
501198
501143
501123
501111
501058
501035
500868
500448
500394
500344
500295
500096
499863
499750
499719
499718
499658
499544
499491
499422
499304
499294
499277
499262
499260
499256
499173
499058
498922
498907
498905
498808
498800
498770
498745
498503
498470
498394
498391
498335
497849
497540
497487
497447
497435
497366
497326
497191
497145
497034
496939
496637
496590
496588
496572
496537
496488
496483
496461
496444
496440
496359
496338
496252
496190
496139
496092
496057
496042
496003
496001
495988
495971
495968
495930
495829
495764
495615
495551
495494
495452
495362
495361
495359
495358
495331
495184
495049
495007
494897
494837
494792
494790
494676
494646
494629
494167
494159
494147
494112
494043
493778
493773
493704
493672
493507
493304
493048
493030
493019
492986
492855
492828
492824
492755
492738
492722
492666
492643
492576
492499
492490
492453
492403
492319
492185
492110
492107
492106
492105
492104
492103
492097
492096
492060
492026
491998
491935
491798
491729
491491
491484
491344
491319
491306
491304
491275
491272
491270
491243
491231
491217
491161
491128
491123
491089
491079
491053
491038
491035
491010
491009
490971
490794
490156
490115
490100
490090
490079
490077
490067
490060
490035
489928
489903
489876
489807
489783
489683
489567
489554
489108
489070
489062
489061
489049
489009
488958
488869
488839
488820
488817
488804
488752
488749
488676
488626
488608
488592
488574
488497
488490
488472
488468
488465
488441
488331
488316
488229
488192
488089
488016
487794
487690
487677
487650
487643
487487
487486
487331
487161
487137
487093
487078
487074
487052
487020
486999
486891
486874
486724
486637
486595
486565
486534
486523
486512
486501
486494
486429
486416
486407
486318
486302
486263
486260
486250
486151
486101
485987
485931
485916
485872
485852
485778
485046
484975
484958
484906
484897
484892
484857
484614
484606
484578
484493
484450
484397
484354
484353
484308
484164
484119
484083
484073
483987
483977
483973
483961
483956
483945
483916
483842
483836
483821
483779
483743
483702
483701
483685
483588
483566
483549
483545
483542
483540
483538
483526
483521
483516
483508
483503
483496
483495
483431
483367
483327
483326
483289
483279
483204
483183
483176
482409
482334
482284
482183
482167
482072
482049
481721
481705
481602
481269
481262
481238
481015
480971
480864
480594
480537
480463
480459
480415
480413
480375
480359
480355
480328
480281
480208
480173
480143
480129
480099
480089
480004
479953
479920
479889
479828
479606
479567
479524
479420
479371
479224
479182
479180
479100
479085
479072
478965
478960
478958
478948
478924
478923
478716
478701
478700
478487
478447
478352
478351
478334
478274
478267
478251
478250
478172
478097
478095
478085
477916
477887
477870
477846
477777
477756
477755
477393
477138
477066
477004
476936
476806
476712
476710
476689
476654
476647
476602
476590
476582
476506
476371
476370
476260
476049
476048
476022
475947
475925
475887
475827
475809
475802
475792
475788
475773
475761
475685
475684
475662
475570
475545
475430
475384
475375
475360
475257
475254
474918
474167
474099
474056
474055
474018
474012
473801
473775
473764
473688
473538
473537
473511
473501
473486
473479
473468
473433
473386
473361
473343
473342
473298
473254
473239
473238
473172
473148
473137
473126
473104
473099
473082
473080
472943
472933
472819
472816
472800
472775
472766
472765
472723
472710
472660
472649
472646
472639
472607
472597
472555
472496
472438
472360
472151
471647
471397
471221
470929
470924
470760
470246
470226
470212
470202
470163
469860
469296
469259
468752
468601
468531
468413
468170
467931
467855
467486
467298
467274
467106
467054
466305
466259
466225
466110
465983
465691
464582
464331
464314
464215
463685
463438
463360
463318
463122
463089
463040
462905
462897
462643
462634
462543
462339
462269
461587
461357
459903
459838
459627
459433
459395
459338
459281
459274
459262
459221
459204
459203
459045
458990
458888
458853
458845
458669
458652
458489
458416
458362
458092
458068
458038
458025
458023
458017
457731
457671
457413
457412
457032
456926
456168
456117
456098
455829
455809
455632
455424
455177
455072
454606
454525
454196
454087
453344
453061
452993
452964
452941
452921
452918
452852
452458
452424
452312
452306
452303
452215
452203
452199
452093
452087
451945
451917
451783
451762
451715
451645
451640
451565
451502
451414
451057
451030
450972
450955
450947
450824
450818
450451
450180
449902
449819
449815
449787
449720
449711
449603
449599
449365
449364
449354
449309
449286
449213
449182
449050
448973
448914
448675
448667
448486
448273
448266
448243
447733
447566
447541
447267
447157
447156
447049
446889
446855
446773
446687
446075
446009
445760
445584
445455
445402
445324
445298
445258
445144
444504
444483
444231
443838
443678
443589
443544
443519
443473
443308
443242
443049
442879
442832
442739
442709
442572
442226
441934
441933
441842
441514
440821
440810
440713
440005
439564
439553
439321
439265
438579
438548
438518
438339
438239
438191
438149
438035
438017
437902
437641
437500
437443
437386
436260
435224
435203
434991
434574
434534
433929
433484
432637
432510
432504
432277
431978
431837
431551
430850
430711
430644
429976
429750
428539
428292
427911
426554
426391
425721
425368
424958
424918
424857
424735
424497
423590
423512
423198
421482
420883
420582
420155
419715
419714
419713
419712
419686
418545
418405
418003
417490
417426
417381
417380
416902
416901
415515
415092
414989
414600
414006
413474
413260
413220
413218
413212
413208
413202
413061
412448
412146
410359
410257
409862
409735
409196
408978
405819
405770
405769
405391
404213
403912
403821
403107
403104
402494
402112
402051
401882
399989
399985
399902
399637
399238
398894
398850
398619
397049
397021
395333
395226
394913
392897
392871
392840
392839
392818
392817
391532
391480
390892
390457
390270
389978
389918
389907
389508
389377
388466
388252
388014
387945
387938
387568
387110
387006
386473
386449
386394
386333
386290
386223
386040
385139
384954
384420
384312
383246
383231
382405
382090
382089
381778
381238
381186
380732
380483
380416
379794
378869
378262
377599
377095
376962
376891
376756
375971
375920
374844
374708
373951
373341
372941
372861
372678
372674
372200
372151
371757
371552
371411
371191
371116
370907
370798
370659
370585
370359
370357
370190
370085
369759
369708
369689
368962
368399
367437
367134
366864
366701
366680
366267
366266
366265
366206
366186
366055
366033
366026
366025
365963
365825
365625
365566
365501
365291
365219
365178
364865
364452
364421
364293
364292
364160
364024
363751
363679
363612
363594
363593
363557
363373
363197
362945
362594
362189
362176
362077
361666
361665
361644
355134
355043
355041
355033
354815
354812
354102
353896
353816
353808
353512
353469
353330
353329
353328
353326
353268
352928
352516
352259
352042
352024
351883
351534
351170
351131
350717
350363
349924
349816
349627
349591
349412
349411
349408
349407
349142
348305
348302
348068
348061
347928
347755
347557
347317
347068
347067
346678
346623
346598
346020
344835
344794
344708
344660
344624
344592
344516
343774
343701
343696
343686
343614
343606
343577
343479
343477
343457
343422
343251
343233
343037
342558
342062
341947
341902
341881
341675
340748
340688
340663
340656
340655
340551
340550
340548
340320
339800
339798
339796
339795
339626
338910
338909
338900
337550
336828
335895
335832
335382
335339
335196
335195
334572
332706
331643
331463
331443
331341
331340
331339
331199
330920
330884
330753
330433
330177
330100
329959
329937
329679
328050
327426
325518
325516
325336
324765
324668
324317
324204
324173
323974
323955
323466
323461
323312
322998
322952
322255
321772
321664
321498
321432
321202
321155
321154
321152
321151
321150
321149
321148
321147
321146
321145
321144
321142
321141
321140
321139
321138
320839
320802
320714
320615
320112
319903
319732
319730
319638
319537
319007
319006
319005
319004
319003
319002
319001
319000
318999
318998
318994
318993
318992
318991
318990
318989
318970
318969
318968
318967
318963
318960
318959
318958
318957
318956
318955
318954
318953
318952
318948
318942
318917
318898
318897
318896
318895
318894
318893
318892
318859
318794
318790
318789
318788
318786
318783
318782
318639
318637
318596
318235
318196
317676
316683
316664
316424
316056
316031
314978
314974
314894
314443
314392
313967
313158
312782
312730
312466
312021
311948
311864
311842
311592
311415
311205
310634
309993
309794
309606
309351
308627
307692
307219
307205
307155
306931
306500
306410
306376
306237
306114
306113
306073
306055
305938
305627
305565
305528
305357
305350
305345
304852
304847
304465
303914
302453
302445
302243
302242
302241
301688
300984
300967
300107
299754
299705
299668
299436
299149
294843
294765
294718
294463
294461
294149
292446
292381
292378
290930
290575
290574
289376
284478
284475
284006
283754
282947
282808
282411
282062
281716
281703
281689
281653
281651
280869
280674
279531
279297
279130
278976
277489
277472
276976
275450
275449
275413
274849
273598
272650
271960
271419
270980
270740
270670
270428
270131
269975
269933
269905
269904
269903
268795
268751
268430
266338
266314
266079
266024
265625
264919
264220
263929
263192
260654
260441
259709
259701
259651
259123
259010
258473
257866
256686
256312
256193
255565
255389
255127
254417
253902
253592
253422
253195
252533
251433
250870
250512
250020
249079
248954
248897
247923
247031
246911
246844
246778
246759
246501
246493
246492
246417
245953
245196
245024
244573
244346
244261
243910
243898
243439
243386
240945
240908
240157
239998
239951
239829
239769
239614
239591
239304
239297
239239
239172
239100
238854
238785
238739
238665
237895
237585
236254
235506
235439
235349
234753
234413
234386
234349
233875
233703
233663
233582
233526
233523
233312
233072
233050
232995
232674
232308
232184
232003
231970
231904
230908
230484
230340
228897
227520
227284
227125
226906
226754
222731
220790
219998
219996
218565
218494
218031
217499
217465
216990
216811
216654
216478
216363
216361
216228
216207
214959
214162
213770
213334
213141
212581
212381
210996
210988
210855
210777
210134
210078
210012
209866
209583
209291
209160
209104
209048
208546
208505
208070
203608
202932
201968
197896
197884
197705
197495
196797
195535
195495
194694
194549
194529
193978
193911
193851
193756
193310
192812
192039
190874
190784
190227
190226
190196
190184
190139
190115
190105
190101
190097
190079
189706
189354
187703
187254
185700
185566
184801
184796
183867
183842
182110
181268
181142
180768
180696
180517
180412
180381
179830
179615
179287
177125
177103
176191
174380
173995
173881
173875
173525
173521
173501
172664
172567
172557
172458
172142
172104
172016
171868
171453
171418
171055
170388
170013
170009
170002
169979
169292
168844
168080
167959
167944
167800
167177
167132
166504
166301
165984
165737
165623
163606
160698
160537
160481
159664
159285
158751
158738
158285
157294
157021
155289
154922
154850
154688
154540
153701
153563
153280
152939
152873
152643
152554
151609
150068
149896
149863
148619
148335
148114
148082
147262
146010
145525
145131
145122
144861
143545
143479
143365
143035
143012
142918
142476
141685
139316
137955
137924
137470
137343
137005
136695
136401
136303
136156
135176
134154
133903
133862
133816
133657
133535
133397
133293
132871
132702
132369
132206
131847
131367
130837
130553
129982
129959
129300
129274
129024
128711
128160
127923
127874
127255
126546
126373
126093
125874
125731
125573
124845
124303
123269
123004
122485
121360
121140
120282
120265
120251
120168
120158
120154
120150
119945
119843
116120
114837
113776
113488
113041
111835
109996
109950
107720
107311
105534
105391
103371
102889
102693
90671
90099
87754
86358
84646
82745
80654
80629
79895
78337
77293
76669
69582
46951
34523
34350
8098
